2MASS J05413562-0958595 85.39842863171 -9.983178397439998 12.282500267028809 8.47599983215332 7.320000171661377 6.901000022888184
2MASS J05443291-0744348 86.13713354833334 -7.742946920833333 1e+20 7.796000003814697 7.73199987411499 7.738999843597412
2MASS J05355408-0537423 83.97532619999998 -5.6284203 1e+20 7.144999980926514 7.203999996185303 7.13100004196167
2MASS J05350895-0505525 83.78730533996 -5.09790725661 13.093999862670898 9.053000450134277 7.800000190734863 7.377999782562256
2MASS J05325918-0430463 83.2466307237 -4.512897116929999 11.146100044250488 8.76200008392334 7.96999979019165 7.796999931335449
2MASS J05344317-0423315 83.6801474 -4.392140299999999 1e+20 7.315999984741211 7.34499979019165 7.357999801635742
2MASS J05300439-0144584 82.51825265911829 -1.7496131318055514 1e+20 7.743000030517578 7.835000038146973 7.815000057220459
2MASS J05330734-0143021 83.28060658453182 -1.7173597663888889 1e+20 6.723999977111816 6.8429999351501465 6.802000045776367
2MASS J05373480-0125192 84.39501316210443 -1.4221344711111104 1e+20 7.281000137329102 7.251999855041504 7.243000030517578
2MASS J05441422-0058523 86.05927667301 -0.98123824554 12.603799819946289 8.843000411987305 7.734000205993652 7.2769999504089355
2MASS J05441304-0057380 86.05434380198 -0.9606137175799998 11.817299842834473 8.767000198364258 7.869999885559082 7.534999847412109
2MASS J05441075-0032513 86.04485195303 -0.54754151484 11.891500473022461 8.267999649047852 7.15500020980835 6.7170000076293945
2MASS J05462970-0027310 86.62377509885 -0.4586112706399999 11.912799835205078 8.701000213623047 7.841000080108643 7.478000164031982
2MASS J05434227-0023591 85.92615203982 -0.39979454511 11.565299987792969 8.37399959564209 7.318999767303467 7.010000228881836
2MASS J05463863-0014549 86.66098765577 -0.24862766584 11.84589958190918 8.46399974822998 7.436999797821045 7.089000225067139
2MASS J05380648-0011037 84.52714561094217 -0.18429545708333242 1e+20 7.4720001220703125 7.545000076293945 7.515999794006348
2MASS J05492726-0009506 87.36362119992 -0.16405182417 12.423299789428711 8.873000144958496 7.870999813079834 7.4710001945495605
2MASS J05480399+0003412 87.0166757526 0.06136764619 13.166999816894531 8.652000427246094 7.3420000076293945 6.796000003814697
2MASS J05495333+0011219 87.47224872564 0.18941666364 11.031700134277344 8.428000450134277 7.644000053405762 7.380000114440918
2MASS J05485687+0029073 87.23697886029 0.48536675693000003 13.143199920654297 9.123000144958496 7.88100004196167 7.36899995803833
2MASS J05502352+0043412 87.59804620944 0.7281043340600001 11.45680046081543 8.744000434875488 7.940999984741211 7.697000026702881
2MASS J05495169+0045189 87.46539659004 0.7552421718399999 11.468199729919434 8.66100025177002 7.802999973297119 7.513000011444092
2MASS J05451604+0053315 86.31683840645 0.89210631508 11.092499732971191 8.741000175476074 7.940999984741211 7.734000205993652
2MASS J05251139+0155242 81.29749786079893 1.923335652638887 1e+20 7.533999919891357 7.5960001945495605 7.574999809265137
2MASS J05305174+1015156 82.71569163375 10.25438141 1e+20 7.547999858856201 7.5980000495910645 7.579999923706055
2MASS J05262158+1131339 81.58987808615 11.52606449687 13.877099990844727 8.173999786376953 7.099999904632568 6.395999908447266
