2MASS J04270280+2542223 66.7616383417 25.70623703931 11.058799743652344 8.170999526977539 7.25600004196167 6.734000205993652
2MASS J04270469+2606163 66.76955053162 26.10446115813 11.876399993896484 8.690999984741211 7.71999979019165 6.992000102996826
2MASS J04300399+1813493 67.51663842337 18.230408312640005 11.245499610900879 8.623000144958496 7.960000038146973 7.551000118255615
2MASS J04300399+1813493 67.51663842337 18.230408312640005 11.245499610900879 8.623000144958496 7.960000038146973 7.551000118255615
2MASS J04300399+1813493 67.51663842337 18.230408312640005 11.245499610900879 8.623000144958496 7.960000038146973 7.551000118255615
2MASS J04300399+1813493 67.51663842337 18.230408312640005 11.245499610900879 8.623000144958496 7.960000038146973 7.551000118255615
2MASS J04354733+2250216 68.94723221609 22.839357490689995 11.529600143432617 8.654999732971191 7.730999946594238 7.135000228881836
2MASS J04470620+1658428 71.77589648386 16.97855940905 11.651399612426758 8.845000267028809 7.800000190734863 6.874000072479248
2MASS J04514737+3047134 72.94745423643 30.787097655969998 11.70259952545166 9.133999824523926 7.986999988555908 7.238999843597412
2MASS J04514737+3047134 72.94745423643 30.787097655969998 11.70259952545166 9.133999824523926 7.986999988555908 7.238999843597412
